# mass               cs      bin width cs_err     
1.345        0.39673       0.005     0.24246        
1.355        0.26934       0.005     0.21192        
1.365              0       0.005     0          
1.375        0.83425       0.005     0.41945        
1.385         1.6951       0.005     0.61221        
1.395         2.9244       0.005     0.83522         
1.405         5.7824       0.005     1.2439         
1.415         7.8257       0.005     1.5047         
1.425         9.0288       0.005     1.694         
1.435         8.9732       0.005     1.8205         
1.445         9.0532       0.005     2.0183         
1.455         10.977       0.005     2.392         
1.465         6.6554       0.005     2.1386         
1.475         2.7619       0.005     1.5887         
1.485         5.6124       0.005     1.9542         
1.495         2.8257       0.005     1.4415         
1.505         4.1159       0.005     1.6921         
1.515         2.5404       0.005     1.4587         
1.525        0.65502       0.005     0.98555        
1.535        0.15555       0.005     0.80563        
1.545         1.0601       0.005     1.2544         
1.555         3.1259       0.005     1.9105         
1.565          2.364       0.005     1.8602         
1.575         1.1886       0.005     1.6496         
1.585         3.8461       0.005     2.4417         
1.595              0       0.005     0              
1.605              0       0.005     0            
1.615        0.68391       0.005     1.5994         
1.625              0       0.005     0              
1.635         2.8499       0.005     2.8516                
