mass	w/o res 	w/res   	Fres
1331	0.076434872	0.076283678	0.091091469
1332	0.081750667	0.083145407	0.105830409
1333	0.087311506	0.090397939	0.119636215
1334	0.09313971	0.098049708	0.13282986
1335	0.099255625	0.106109956	0.145610079
1336	0.105678905	0.114588937	0.158110201
1337	0.112429818	0.123498142	0.170426458
1338	0.119527531	0.132850884	0.182628527
1339	0.126993132	0.14266222	0.194772348
1340	0.134848785	0.152949274	0.206902951
1341	0.143118207	0.163732025	0.219058096
1342	0.151826298	0.175032505	0.231270343
1343	0.160996995	0.186875882	0.243564084
1344	0.170659612	0.199290473	0.255966365
1345	0.180842731	0.212307633	0.268498242
1346	0.191578065	0.225962273	0.281181037
1347	0.202898704	0.240292712	0.294033617
1348	0.214840266	0.255341086	0.307074219
1349	0.227439231	0.271153267	0.32031855
1350	0.240736664	0.287779389	0.33378458
1351	0.254776352	0.30527295	0.347490072
1352	0.269602901	0.323692442	0.361449242
1353	0.285266584	0.343100018	0.375680119
1354	0.301818884	0.363562661	0.390197873
1355	0.31931559	0.385152127	0.405019015
1356	0.337817891	0.407944856	0.42016083
1357	0.357388995	0.432022144	0.435640216
1358	0.378095606	0.457470744	0.451471806
1359	0.400014526	0.484382457	0.467677772
1360	0.423221617	0.512855513	0.484273583
1361	0.447801923	0.542993459	0.501278996
1362	0.473845067	0.574905496	0.518713176
1363	0.501450242	0.608709046	0.536599934
1364	0.530717825	0.644526877	0.554956913
1365	0.561757294	0.682488654	0.573805511
1366	0.594688275	0.722732697	0.593170166
1367	0.629637839	0.765403563	0.613074899
1368	0.666742214	0.810654357	0.633546352
1369	0.706145734	0.858646066	0.654609263
1370	0.748002879	0.909547346	0.676290929
1371	0.79247955	0.963535902	0.6986202
1372	0.839759349	1.020796714	0.721633375
1373	0.890026763	1.081524415	0.745357275
1374	0.943484972	1.145920313	0.769827187
1375	1.000353207	1.214195088	0.795081079
1376	1.060858644	1.286565273	0.821154952
1377	1.125247813	1.363255004	0.848089218
1378	1.193787651	1.444495813	0.875931621
1379	1.266746203	1.530522656	0.904720426
1380	1.344420628	1.62157664	0.934506714
1381	1.427133679	1.717900458	0.965350211
1382	1.515192449	1.819739427	0.997291267
1383	1.608946817	1.927337858	1.03039277
1384	1.708773164	2.040940416	1.06472528
1385	1.815031825	2.160783609	1.10034513
1386	1.928114182	2.287099711	1.1373235
1387	2.04844271	2.420110012	1.17574537
1388	2.176412298	2.560023646	1.21568012
1389	2.312465035	2.707033001	1.25722396
1390	2.457036187	2.861311222	1.30047369
1391	2.610533464	3.023009674	1.3455162
1392	2.773394085	3.192248364	1.39246929
1393	2.946016051	3.36911907	1.44143844
1394	3.128824262	3.553675384	1.49256694
1395	3.322170793	3.745931223	1.54598248
1396	3.526394498	3.945856119	1.60183859
1397	3.741743598	4.153366483	1.66028368
1398	3.968466903	4.368324215	1.72150517
1399	4.206683562	4.59053472	1.78568625
1400	4.456437695	4.819735047	1.85303354
1401	4.717695768	5.055594707	1.92378318
1402	4.990223493	5.297705144	1.99816561
1403	5.273758781	5.5455885	2.07647657
1404	5.567790268	5.798671189	2.15899944
1405	5.871706854	6.056303319	2.24607587
1406	6.184693603	6.317744499	2.33806634
1407	6.505760867	6.582157733	2.43537188
1408	6.833799846	6.848622645	2.53846312
1409	7.167464836	7.116130163	2.64783049
1410	7.505363775	7.383577232	2.7640686
1411	7.845839448	7.649793747	2.8877914
1412	8.18714196	7.913542063	3.01969743
1413	8.527637916	8.173518831	3.16064882
1414	8.865541267	8.42840039	3.31157851
1415	9.198971525	8.676845414	3.47351289
1416	9.526286471	8.917529384	3.64771175
1417	9.845875642	9.149192151	3.83559632
1418	10.15631391	9.370645088	4.03885269
1419	10.45629701	9.580823962	4.25944281
1420	10.74471926	9.778845436	4.49969578
1421	11.0207688	9.964030055	4.76245546
1422	11.28377323	10.13594982	5.05115795
1423	11.53317659	10.29447149	5.37002659
1424	11.76860297	10.43976713	5.72443628
1425	11.98954233	10.57235386	6.12126589
1426	12.19528252	10.69310442	6.56970167
1427	12.38427574	10.80321802	7.0823617
1428	12.55315285	10.90424514	7.67755747
1429	12.69449252	10.99801154	8.38414478
1430	12.79004232	11.08659712	9.25382614
1431	12.78180738	11.17226977	10.4066133
1432	11.41191863	11.25738825	12.7102766
1433	10.0996965	11.3443272	13.6955175
1434	9.783788881	11.4353845	14.6933422
1435	9.693569893	11.5326736	15.7552586
1436	9.727828002	11.6380238	16.9006557
1437	9.844526398	11.75288759	18.1344662
1438	10.02730195	11.87824448	19.4700966
1439	10.27037644	12.01453039	20.9259472
1440	10.57071075	12.16158122	22.5189495
1441	10.91787003	12.3186045	24.2455235
1442	11.30825302	12.48415481	26.1122837
1443	11.74034104	12.65612399	28.1284885
1444	12.20728371	12.8318259	30.2887478
1445	12.70565539	13.0079902	32.5937233
1446	13.23158658	13.1808983	35.0412979
1447	13.77628905	13.34644773	37.6143837
1448	14.32629323	13.50027304	40.2797432
1449	14.87050954	13.6378835	43.0065193
1450	15.39518587	13.75480427	45.7524147
1451	15.87668786	13.84668841	48.440609
1452	16.28108222	13.90947938	50.9547043
1453	16.58868703	13.93952295	53.2134857
1454	16.78147733	13.93371296	55.1353874
1455	16.84542087	13.88953268	56.6467476
1456	16.77237587	13.80520135	57.6902809
1457	16.56132254	13.67968561	58.2313652
1458	16.21926377	13.51273311	58.2641945
1459	15.75970102	13.30490241	57.809021
1460	15.20141061	13.05750483	56.9101791
1461	14.56407837	12.77258499	55.6212234
1462	13.86049244	12.45283874	53.9748573
1463	13.11557651	12.10151965	52.0558434
1464	12.35179839	11.72236484	49.9463921
1465	11.58800528	11.31944326	47.7205849
1466	10.8392172	10.89706208	45.4419785
1467	10.11632874	10.45966087	43.1609001
1468	9.431909423	10.0116492	40.9381828
1469	8.789842851	9.557364265	38.7999039
1470	8.190686727	9.100928828	36.7583046
1471	7.633448293	8.646185902	34.8186531
1472	7.116753168	8.196653782	32.984127
1473	6.638678948	7.755448383	31.2548256
1474	6.196933051	7.32527481	29.6285038
1475	5.78828752	6.908399635	28.0976257
1476	5.409568629	6.506664484	26.6539955
1477	5.059146536	6.12148392	25.2961273
1478	4.735272663	5.753884234	24.0214825
1479	4.435792987	5.404528567	22.824852
1480	4.158977496	5.073745633	21.702652
1481	3.903036129	4.761585723	20.650404
1482	3.666274614	4.467853398	19.6636391
1483	3.447065729	4.192151531	18.7377567
1484	3.243304853	3.933927722	17.865015
1485	3.053736933	3.692502293	17.0418282
1486	2.877409375	3.46710684	16.2659168
1487	2.71339098	3.256916271	15.5348635
1488	2.560625258	3.061072657	14.8452396
1489	2.41837513	2.878701709	14.1951847
1490	2.285749578	2.708938407	13.5816917
1491	2.162064025	2.550933407	13.0027723
1492	2.046629731	2.403869348	12.4561663
1493	1.938781572	2.266962856	11.93958
1494	1.837936456	2.139471999	11.4510393
1495	1.743436202	2.020697676	10.987916
1496	1.654991152	1.909987537	10.5497437
1497	1.572085059	1.806731916	10.1345167
1498	1.494310374	1.71036663	9.74078083
1499	1.42132744	1.620370234	9.36740875
1500	1.352716343	1.536258297	9.01264286
1501	1.288244998	1.457587153	8.67586994
1502	1.227578406	1.383946255	8.35570717
1503	1.170455034	1.314956481	8.05117607
1504	1.116661332	1.250268166	7.76156569
1505	1.065935767	1.189556789	7.48575926
1506	1.018084531	1.132518794	7.22304249
1507	0.972917352	1.078870585	6.97267771
1508	0.930313109	1.028341473	6.73436642
1509	0.890032664	0.980671579	6.50691509
1510	0.851947677	0.935607754	6.28987551
1511	0.815922032	0.89289784	6.08271122
1512	0.781807311	0.852288961	5.88474894
1513	0.749480801	0.81352284	5.6954689
1514	0.718841244	0.7763348	5.51448154
1515	0.689774858	0.740453323	5.34126806
1516	0.66220531	0.705600715	5.17557335
1517	0.636022189	0.671499508	5.01684666
1518	0.611160357	0.637878513	4.86487198
1519	0.587522414	0.60448221	4.7191534
1520	0.56504025	0.571084087	4.57939768
1521	0.543659151	0.537499051	4.44541216
1522	0.523295174	0.503598599	4.31673908
1523	0.503893885	0.469322062	4.19314671
1524	0.485419492	0.434686756	4.07454157
1525	0.467801285	0.399792923	3.96052551
1526	0.451004548	0.364822953	3.850986
1527	0.434979092	0.330033909	3.74566793
1528	0.419686365	0.295743831	3.64440441
